65
NULL 0 Common 0
Joined 7 0,255,0,255,0,0,0,0,0,0 Latin 1 0 1 Joined	# Joined [4a 6f 69 6e 65 64 ]a
|Broken|0|1 15 0,255,0,255,0,0,0,0,0,0 Common 2 10 2 |Broken|0|1	# Broken
E 5 0,255,0,255,0,0,0,0,0,0 Latin 18 0 3 E	# E [45 ]A
N 5 0,255,0,255,0,0,0,0,0,0 Latin 20 0 4 N	# N [4e ]A
T 5 0,255,0,255,0,0,0,0,0,0 Latin 17 0 5 T	# T [54 ]A
R 5 0,255,0,255,0,0,0,0,0,0 Latin 16 0 6 R	# R [52 ]A
Y 5 0,255,0,255,0,0,0,0,0,0 Latin 48 0 7 Y	# Y [59 ]A
V 5 0,255,0,255,0,0,0,0,0,0 Latin 33 0 8 V	# V [56 ]A
I 5 0,255,0,255,0,0,0,0,0,0 Latin 12 0 9 I	# I [49 ]A
S 5 0,255,0,255,0,0,0,0,0,0 Latin 21 0 10 S	# S [53 ]A
A 5 0,255,0,255,0,0,0,0,0,0 Latin 14 0 11 A	# A [41 ]A
i 3 0,255,0,255,0,0,0,0,0,0 Latin 9 0 12 i	# i [69 ]a
c 3 0,255,0,255,0,0,0,0,0,0 Latin 55 0 13 c	# c [63 ]a
a 3 0,255,0,255,0,0,0,0,0,0 Latin 11 0 14 a	# a [61 ]a
u 3 0,255,0,255,0,0,0,0,0,0 Latin 64 0 15 u	# u [75 ]a
r 3 0,255,0,255,0,0,0,0,0,0 Latin 6 0 16 r	# r [72 ]a
t 3 0,255,0,255,0,0,0,0,0,0 Latin 5 0 17 t	# t [74 ]a
e 3 0,255,0,255,0,0,0,0,0,0 Latin 3 0 18 e	# e [65 ]a
, 16 0,255,0,255,0,0,0,0,0,0 Common 19 6 19 ,	# , [2c ]p
n 3 0,255,0,255,0,0,0,0,0,0 Latin 4 0 20 n	# n [6e ]a
s 3 0,255,0,255,0,0,0,0,0,0 Latin 10 0 21 s	# s [73 ]a
D 5 0,255,0,255,0,0,0,0,0,0 Latin 50 0 22 D	# D [44 ]A
O 5 0,255,0,255,0,0,0,0,0,0 Latin 35 0 23 O	# O [4f ]A
B 5 0,255,0,255,0,0,0,0,0,0 Latin 24 0 24 B	# B [42 ]A
. 16 0,255,0,255,0,0,0,0,0,0 Common 25 6 25 .	# . [2e ]p
1 8 0,255,0,255,0,0,0,0,0,0 Common 26 2 26 1	# 1 [31 ]0
9 8 0,255,0,255,0,0,0,0,0,0 Common 27 2 27 9	# 9 [39 ]0
4 8 0,255,0,255,0,0,0,0,0,0 Common 28 2 28 4	# 4 [34 ]0
2 8 0,255,0,255,0,0,0,0,0,0 Common 29 2 29 2	# 2 [32 ]0
3 8 0,255,0,255,0,0,0,0,0,0 Common 30 2 30 3	# 3 [33 ]0
X 5 0,255,0,255,0,0,0,0,0,0 Latin 31 0 31 X	# X [58 ]A
F 5 0,255,0,255,0,0,0,0,0,0 Latin 49 0 32 F	# F [46 ]A
v 3 0,255,0,255,0,0,0,0,0,0 Latin 8 0 33 v	# v [76 ]a
h 3 0,255,0,255,0,0,0,0,0,0 Latin 62 0 34 h	# h [68 ]a
o 3 0,255,0,255,0,0,0,0,0,0 Latin 23 0 35 o	# o [6f ]a
P 5 0,255,0,255,0,0,0,0,0,0 Latin 53 0 36 P	# P [50 ]A
8 8 0,255,0,255,0,0,0,0,0,0 Common 37 2 37 8	# 8 [38 ]0
0 8 0,255,0,255,0,0,0,0,0,0 Common 38 2 38 0	# 0 [30 ]0
7 8 0,255,0,255,0,0,0,0,0,0 Common 39 2 39 7	# 7 [37 ]0
Z 5 0,255,0,255,0,0,0,0,0,0 Latin 45 0 40 Z	# Z [5a ]A
K 5 0,255,0,255,0,0,0,0,0,0 Latin 46 0 41 K	# K [4b ]A
- 16 0,255,0,255,0,0,0,0,0,0 Common 42 3 42 -	# - [2d ]p
6 8 0,255,0,255,0,0,0,0,0,0 Common 43 2 43 6	# 6 [36 ]0
Q 5 0,255,0,255,0,0,0,0,0,0 Latin 44 0 44 Q	# Q [51 ]A
z 3 0,255,0,255,0,0,0,0,0,0 Latin 40 0 45 z	# z [7a ]a
k 3 0,255,0,255,0,0,0,0,0,0 Latin 41 0 46 k	# k [6b ]a
M 5 0,255,0,255,0,0,0,0,0,0 Latin 51 0 47 M	# M [4d ]A
y 3 0,255,0,255,0,0,0,0,0,0 Latin 7 0 48 y	# y [79 ]a
f 3 0,255,0,255,0,0,0,0,0,0 Latin 32 0 49 f	# f [66 ]a
d 3 0,255,0,255,0,0,0,0,0,0 Latin 22 0 50 d	# d [64 ]a
m 3 0,255,0,255,0,0,0,0,0,0 Latin 47 0 51 m	# m [6d ]a
l 3 0,255,0,255,0,0,0,0,0,0 Latin 60 0 52 l	# l [6c ]a
p 3 0,255,0,255,0,0,0,0,0,0 Latin 36 0 53 p	# p [70 ]a
G 5 0,255,0,255,0,0,0,0,0,0 Latin 56 0 54 G	# G [47 ]A
C 5 0,255,0,255,0,0,0,0,0,0 Latin 13 0 55 C	# C [43 ]A
g 3 0,255,0,255,0,0,0,0,0,0 Latin 54 0 56 g	# g [67 ]a
/ 16 0,255,0,255,0,0,0,0,0,0 Common 57 6 57 /	# / [2f ]p
' 16 0,255,0,255,0,0,0,0,0,0 Common 58 10 58 '	# ' [27 ]p
& 16 0,255,0,255,0,0,0,0,0,0 Common 59 10 59 &	# & [26 ]p
L 5 0,255,0,255,0,0,0,0,0,0 Latin 52 0 60 L	# L [4c ]A
! 16 0,255,0,255,0,0,0,0,0,0 Common 61 10 61 !	# ! [21 ]p
H 5 0,255,0,255,0,0,0,0,0,0 Latin 34 0 62 H	# H [48 ]A
5 8 0,255,0,255,0,0,0,0,0,0 Common 63 2 63 5	# 5 [35 ]0
U 5 0,255,0,255,0,0,0,0,0,0 Latin 15 0 64 U	# U [55 ]A
