68
NULL 0 Common 0
Joined 7 0,255,0,255,0,0,0,0,0,0 Latin 1 0 1 Joined	# Joined [4a 6f 69 6e 65 64 ]a
|Broken|0|1 15 0,255,0,255,0,0,0,0,0,0 Common 2 10 2 |Broken|0|1	# Broken
E 5 0,255,0,255,0,0,0,0,0,0 Latin 47 0 3 E	# E [45 ]A
T 5 0,255,0,255,0,0,0,0,0,0 Latin 59 0 4 T	# T [54 ]A
H 5 0,255,0,255,0,0,0,0,0,0 Latin 49 0 5 H	# H [48 ]A
A 5 0,255,0,255,0,0,0,0,0,0 Latin 44 0 6 A	# A [41 ]A
N 5 0,255,0,255,0,0,0,0,0,0 Latin 53 0 7 N	# N [4e ]A
B 5 0,255,0,255,0,0,0,0,0,0 Latin 45 0 8 B	# B [42 ]A
O 5 0,255,0,255,0,0,0,0,0,0 Latin 54 0 9 O	# O [4f ]A
S 5 0,255,0,255,0,0,0,0,0,0 Latin 58 0 10 S	# S [53 ]A
I 5 0,255,0,255,0,0,0,0,0,0 Latin 50 0 11 I	# I [49 ]A
V 5 0,255,0,255,0,0,0,0,0,0 Latin 61 0 12 V	# V [56 ]A
K 5 0,255,0,255,0,0,0,0,0,0 Latin 31 0 13 K	# K [4b ]A
L 5 0,255,0,255,0,0,0,0,0,0 Latin 52 0 14 L	# L [4c ]A
R 5 0,255,0,255,0,0,0,0,0,0 Latin 57 0 15 R	# R [52 ]A
P 5 0,255,0,255,0,0,0,0,0,0 Latin 55 0 16 P	# P [50 ]A
U 5 0,255,0,255,0,0,0,0,0,0 Latin 60 0 17 U	# U [55 ]A
J 5 0,255,0,255,0,0,0,0,0,0 Latin 51 0 18 J	# J [4a ]A
4 8 0,255,0,255,0,0,0,0,0,0 Common 19 2 19 4	# 4 [34 ]0
6 8 0,255,0,255,0,0,0,0,0,0 Common 20 2 20 6	# 6 [36 ]0
7 8 0,255,0,255,0,0,0,0,0,0 Common 21 2 21 7	# 7 [37 ]0
- 16 0,255,0,255,0,0,0,0,0,0 Common 22 3 22 -	# - [2d ]p
W 5 0,255,0,255,0,0,0,0,0,0 Latin 62 0 23 W	# W [57 ]A
X 5 0,255,0,255,0,0,0,0,0,0 Latin 63 0 24 X	# X [58 ]A
M 5 0,255,0,255,0,0,0,0,0,0 Latin 28 0 25 M	# M [4d ]A
1 8 0,255,0,255,0,0,0,0,0,0 Common 26 2 26 1	# 1 [31 ]0
c 3 0,255,0,255,0,0,0,0,0,0 Latin 40 0 27 c	# c [63 ]a
m 3 0,255,0,255,0,0,0,0,0,0 Latin 25 0 28 m	# m [6d ]a
5 8 0,255,0,255,0,0,0,0,0,0 Common 29 2 29 5	# 5 [35 ]0
8 8 0,255,0,255,0,0,0,0,0,0 Common 30 2 30 8	# 8 [38 ]0
k 3 0,255,0,255,0,0,0,0,0,0 Latin 13 0 31 k	# k [6b ]a
g 3 0,255,0,255,0,0,0,0,0,0 Latin 33 0 32 g	# g [67 ]a
G 5 0,255,0,255,0,0,0,0,0,0 Latin 32 0 33 G	# G [47 ]A
D 5 0,255,0,255,0,0,0,0,0,0 Latin 46 0 34 D	# D [44 ]A
Q 5 0,255,0,255,0,0,0,0,0,0 Latin 56 0 35 Q	# Q [51 ]A
2 8 0,255,0,255,0,0,0,0,0,0 Common 36 2 36 2	# 2 [32 ]0
. 16 0,255,0,255,0,0,0,0,0,0 Common 37 6 37 .	# . [2e ]p
0 8 0,255,0,255,0,0,0,0,0,0 Common 38 2 38 0	# 0 [30 ]0
9 8 0,255,0,255,0,0,0,0,0,0 Common 39 2 39 9	# 9 [39 ]0
C 5 0,255,0,255,0,0,0,0,0,0 Latin 27 0 40 C	# C [43 ]A
Y 5 0,255,0,255,0,0,0,0,0,0 Latin 64 0 41 Y	# Y [59 ]A
F 5 0,255,0,255,0,0,0,0,0,0 Latin 48 0 42 F	# F [46 ]A
3 8 0,255,0,255,0,0,0,0,0,0 Common 43 2 43 3	# 3 [33 ]0
a 3 0,255,0,255,0,0,0,0,0,0 Latin 6 0 44 a	# a [61 ]a
b 3 0,255,0,255,0,0,0,0,0,0 Latin 8 0 45 b	# b [62 ]a
d 3 0,255,0,255,0,0,0,0,0,0 Latin 34 0 46 d	# d [64 ]a
e 3 0,255,0,255,0,0,0,0,0,0 Latin 3 0 47 e	# e [65 ]a
f 3 0,255,0,255,0,0,0,0,0,0 Latin 42 0 48 f	# f [66 ]a
h 3 0,255,0,255,0,0,0,0,0,0 Latin 5 0 49 h	# h [68 ]a
i 3 0,255,0,255,0,0,0,0,0,0 Latin 11 0 50 i	# i [69 ]a
j 3 0,255,0,255,0,0,0,0,0,0 Latin 18 0 51 j	# j [6a ]a
l 3 0,255,0,255,0,0,0,0,0,0 Latin 14 0 52 l	# l [6c ]a
n 3 0,255,0,255,0,0,0,0,0,0 Latin 7 0 53 n	# n [6e ]a
o 3 0,255,0,255,0,0,0,0,0,0 Latin 9 0 54 o	# o [6f ]a
p 3 0,255,0,255,0,0,0,0,0,0 Latin 16 0 55 p	# p [70 ]a
q 3 0,255,0,255,0,0,0,0,0,0 Latin 35 0 56 q	# q [71 ]a
r 3 0,255,0,255,0,0,0,0,0,0 Latin 15 0 57 r	# r [72 ]a
s 3 0,255,0,255,0,0,0,0,0,0 Latin 10 0 58 s	# s [73 ]a
t 3 0,255,0,255,0,0,0,0,0,0 Latin 4 0 59 t	# t [74 ]a
u 3 0,255,0,255,0,0,0,0,0,0 Latin 17 0 60 u	# u [75 ]a
v 3 0,255,0,255,0,0,0,0,0,0 Latin 12 0 61 v	# v [76 ]a
w 3 0,255,0,255,0,0,0,0,0,0 Latin 23 0 62 w	# w [77 ]a
x 3 0,255,0,255,0,0,0,0,0,0 Latin 24 0 63 x	# x [78 ]a
y 3 0,255,0,255,0,0,0,0,0,0 Latin 41 0 64 y	# y [79 ]a
z 3 0,255,0,255,0,0,0,0,0,0 Latin 66 0 65 z	# z [7a ]a
Z 5 0,255,0,255,0,0,0,0,0,0 Latin 65 0 66 Z	# Z [5a ]A
_ 16 0,255,0,255,0,0,0,0,0,0 Common 67 10 67 _	# _ [5f ]p
