33
NULL 0 Common 0
Joined 7 0,255,0,255,0,0,0,0,0,0 Latin 1 0 1 Joined	# Joined [4a 6f 69 6e 65 64 ]a
|Broken|0|1 15 0,255,0,255,0,0,0,0,0,0 Common 2 10 2 |Broken|0|1	# Broken
E 5 0,255,0,255,0,0,0,0,0,0 Latin 3 0 3 E	# E [45 ]A
T 5 0,255,0,255,0,0,0,0,0,0 Latin 4 0 4 T	# T [54 ]A
H 5 0,255,0,255,0,0,0,0,0,0 Latin 5 0 5 H	# H [48 ]A
A 5 0,255,0,255,0,0,0,0,0,0 Latin 6 0 6 A	# A [41 ]A
N 5 0,255,0,255,0,0,0,0,0,0 Latin 7 0 7 N	# N [4e ]A
B 5 0,255,0,255,0,0,0,0,0,0 Latin 8 0 8 B	# B [42 ]A
O 5 0,255,0,255,0,0,0,0,0,0 Latin 9 0 9 O	# O [4f ]A
S 5 0,255,0,255,0,0,0,0,0,0 Latin 10 0 10 S	# S [53 ]A
I 5 0,255,0,255,0,0,0,0,0,0 Latin 11 0 11 I	# I [49 ]A
V 5 0,255,0,255,0,0,0,0,0,0 Latin 12 0 12 V	# V [56 ]A
K 5 0,255,0,255,0,0,0,0,0,0 Latin 13 0 13 K	# K [4b ]A
L 5 0,255,0,255,0,0,0,0,0,0 Latin 14 0 14 L	# L [4c ]A
J 5 0,255,0,255,0,0,0,0,0,0 Latin 15 0 15 J	# J [4a ]A
4 8 0,255,0,255,0,0,0,0,0,0 Common 16 2 16 4	# 4 [34 ]0
6 8 0,255,0,255,0,0,0,0,0,0 Common 17 2 17 6	# 6 [36 ]0
7 8 0,255,0,255,0,0,0,0,0,0 Common 18 2 18 7	# 7 [37 ]0
- 16 0,255,0,255,0,0,0,0,0,0 Common 19 3 19 -	# - [2d ]p
W 5 0,255,0,255,0,0,0,0,0,0 Latin 20 0 20 W	# W [57 ]A
1 8 0,255,0,255,0,0,0,0,0,0 Common 21 2 21 1	# 1 [31 ]0
M 5 0,255,0,255,0,0,0,0,0,0 Latin 22 0 22 M	# M [4d ]A
C 5 0,255,0,255,0,0,0,0,0,0 Latin 23 0 23 C	# C [43 ]A
P 5 0,255,0,255,0,0,0,0,0,0 Latin 24 0 24 P	# P [50 ]A
Q 5 0,255,0,255,0,0,0,0,0,0 Latin 25 0 25 Q	# Q [51 ]A
8 8 0,255,0,255,0,0,0,0,0,0 Common 26 2 26 8	# 8 [38 ]0
. 16 0,255,0,255,0,0,0,0,0,0 Common 27 6 27 .	# . [2e ]p
0 8 0,255,0,255,0,0,0,0,0,0 Common 28 2 28 0	# 0 [30 ]0
D 5 0,255,0,255,0,0,0,0,0,0 Latin 29 0 29 D	# D [44 ]A
G 5 0,255,0,255,0,0,0,0,0,0 Latin 30 0 30 G	# G [47 ]A
2 8 0,255,0,255,0,0,0,0,0,0 Common 31 2 31 2	# 2 [32 ]0
X 5 0,255,0,255,0,0,0,0,0,0 Latin 32 0 32 X	# X [58 ]A
